,year,u,v,sp,wnw_comp
0,2003,-3.5291452407836914,0.0885612815618515,6.165774822235107,3.29439599042241
1,2004,-1.839098572731018,0.2352840006351471,2.8961732387542725,1.7891448185605558
2,2005,-3.0791473388671875,0.23420049250125885,4.888420104980469,2.9343858522979662
3,2006,-2.2931644916534424,0.06546532362699509,3.81622576713562,2.143660233266735
4,2007,-3.518287181854248,0.4146491587162018,5.5872344970703125,3.409152880096768
5,2008,-5.539188385009766,1.3244699239730835,7.420901775360107,5.624395472205121
6,2009,-4.4769158363342285,0.5499762892723083,6.315872669219971,4.346597724062986
7,2010,-3.6423792839050293,-0.06759537011384964,4.787922382354736,3.3392520417958176
8,2011,-1.1259338855743408,0.10472199320793152,3.6420388221740723,1.0803026436479635
9,2012,-2.2026994228363037,0.40628108382225037,3.3874871730804443,2.190505952694993
10,2013,-5.713853359222412,-0.19223201274871826,9.094013214111328,5.205348163907318
11,2014,-2.357532501220703,0.5152376890182495,4.028433322906494,2.375248952425308
12,2015,-4.586884021759033,0.5321102738380432,6.483726978302002,4.441358051695297
13,2016,-14.579743385314941,1.8101848363876343,15.555599212646484,14.162654249363351
14,2017,-4.499026298522949,0.562052309513092,7.412694454193115,4.371646420408563
15,2018,-8.718741416931152,1.4940515756607056,10.043176651000977,8.626815529465457
16,2019,-4.9361491203308105,0.49380820989608765,7.134312629699707,4.749379362390324
17,2020,1.0091646909713745,0.6497514843940735,6.019845485687256,-0.6836974746892945
18,2021,-4.587142467498779,1.744844913482666,7.592411994934082,4.905690278871758
19,2022,-5.16199254989624,0.7152964472770691,7.494170665740967,5.042791363427426
