year,open_area,open_area_b80,avg_sic
2003,5038.58666717029,6087.3463114754095,97.7953254824779
2004,2537.5808632647404,1664.9590163934427,98.88963405421522
2005,3385.6862437764153,1861.5522540983607,98.5185450569528
2006,2482.8795551237513,1179.5594262295083,98.91363825563525
2007,5551.740980930016,4653.560450819672,97.57080053110592
2008,4874.931654883213,5936.2192622950815,97.8668794475618
2009,5228.459814102924,2711.3217213114754,97.7124752607502
2010,2838.355439170462,1207.095286885246,98.75810716972977
2011,2194.37743527772,633.3247950819672,99.03991824290792
2012,,,
2013,4819.136783787461,3269.0829918032787,97.89087289278625
2014,4999.322284886094,5446.337090163935,97.8118419959897
2015,8180.872178374744,5291.367827868852,96.4195704225634
2016,17412.081229163,21049.564549180326,92.37472784323771
2017,5359.772180275839,4312.243852459016,97.65429912629675
2018,9138.383474881532,6121.285860655737,96.0007531838339
2019,8421.963206324084,7877.1551724137935,96.24926570423862
2020,11910.933122478547,7816.3422131147545,94.78703570756755
2021,4507.135044285508,3870.3893442622953,98.0272975984167
2022,6382.014977627113,4358.350409836065,97.15974985758463
