,year,u,v,sp,ese_comp
0,2003,-1.8619414567947388,-0.4393481910228729,5.280484676361084,1.5520783289228812
1,2004,-2.588547468185425,-1.0500844717025757,5.465092182159424,1.9896560948860014
2,2005,-3.752595901489258,-1.0304052829742432,6.085508823394775,3.0726275167559614
3,2006,-1.8631826639175415,-1.1438353061676025,5.205678462982178,1.2836295074986805
4,2007,-2.1825668811798096,-0.30806463956832886,5.525000095367432,1.898537636198697
5,2008,-3.691711664199829,-0.7324915528297424,6.056258678436279,3.1303844648720824
6,2009,-2.959679126739502,-0.6852323412895203,5.802860736846924,2.472159903663264
7,2010,-2.531378984451294,-0.8549303412437439,5.245612621307373,2.0115215553435437
8,2011,-0.36693528294563293,-0.16682349145412445,5.010517597198486,0.2751634113609155
9,2012,-2.784209966659546,-1.5457570552825928,5.193320274353027,1.98073898689259
10,2013,-1.4338446855545044,-1.5837661027908325,6.4091267585754395,0.7186187095044111
11,2014,-2.1395719051361084,0.45792272686958313,5.0297770500183105,2.1519461323678644
12,2015,-3.9307165145874023,-0.5469470620155334,6.562112331390381,3.422200956917298
13,2016,-6.6209516525268555,-1.1397262811660767,7.983466625213623,5.680807352283009
14,2017,-0.1370411217212677,-0.10448683798313141,5.988092422485352,0.08662410567430738
15,2018,-3.3378171920776367,-0.19846004247665405,6.118993759155273,3.0077936167825357
16,2019,-2.7558791637420654,-0.5607385039329529,5.958968639373779,2.331515018111287
17,2020,1.8414469957351685,0.5738224387168884,5.168738842010498,-1.4816828491478358
18,2021,-1.999466061592102,0.23119448125362396,5.259719371795654,1.9357400678858983
19,2022,-1.9319021701812744,-0.5338401198387146,5.402372360229492,1.580553104450546
